student	0.13471453	0.3532497763861768	-7.4230485
teacher:	0.115352824	0.3862544095342689	-7.5521874
student	0.12415605	0.38202581318037937	-8.640554
teacher:	0.10959475	0.3939974965380147	-8.669893
student	0.06902232	0.352024787942738	-7.60475
teacher:	0.064272	0.38730824864667496	-7.64386
student	0.027410673	0.28247629074613867	-5.9067054
teacher:	0.024306264	0.30788739508098106	-5.9086123
student	0.05736264	0.28868550648345415	-7.307168
teacher:	0.047009565	0.31699230272722695	-7.337811
student	0.13900657	0.3133270362353162	-7.7534757
teacher:	0.12561923	0.3619076322838442	-7.8256955
student	0.09097376	0.39929313724492205	-7.147378
teacher:	0.08183739	0.4236240721369809	-7.228303
student	0.07576706	0.29235341156163974	-7.302766
teacher:	0.06826481	0.2948850042745419	-7.319423
student	0.15813267	0.41384428968060594	-8.158411
teacher:	0.122662716	0.4368356266319856	-8.206204
student	0.065703616	0.38322281587273116	-7.7388663
teacher:	0.06066978	0.3920254043256362	-7.7597733
student	0.15632144	0.4444707343539061	-6.900626
teacher:	0.14459868	0.4422408347899397	-6.9011955
student	0.079861104	0.3033316380637768	-7.14014
teacher:	0.073030375	0.32907875042477563	-7.168558
student	0.11763237	0.33097621143134726	-7.9428754
teacher:	0.093458004	0.376679555140889	-7.99626
student	0.08496557	0.32100812498059095	-7.3069687
teacher:	0.07837591	0.3370622740828903	-7.2985644
student	0.12572424	0.4588423014362683	-6.891173
teacher:	0.119502775	0.46582627483602823	-6.93955
student	0.122839876	0.3866983367037801	-7.5774417
teacher:	0.102393694	0.3958035003851271	-7.670023
student	0.13460557	0.41874721718512725	-8.260801
teacher:	0.11888526	0.42694127656672276	-8.344432
student	0.12634274	0.39378730057729916	-5.458475
teacher:	0.11169111	0.3826561757130502	-5.4302807
student	0.13027292	0.442944197204948	-6.799769
teacher:	0.11935349	0.45585981811132753	-6.834561
student	0.15776968	0.387766379932448	-4.507421
teacher:	0.13038196	0.4141397408105756	-3.4770508
student	0.086698584	0.23212819201504312	-4.7976227
teacher:	0.076098576	0.22630867912821773	-5.48216
student	0.12173198	0.42324910748332334	-4.0475793
teacher:	0.10063413	0.42529279977219525	-4.3176026
student	0.11800962	0.23990021762542774	-4.4377985
teacher:	0.10261574	0.23125499506423203	-5.2129107
student	0.065816775	0.4114562784351208	-4.7676663
teacher:	0.058271967	0.4233591792244583	-4.7941103
student	0.06702076	0.19916608615855216	-5.1988273
teacher:	0.048967645	0.20968977190485316	-3.935198
student	0.13539349	0.3839940623895639	-6.715906
teacher:	0.1323191	0.39426995684944705	-6.7397156
student	0.09590481	0.3274711001248185	-5.138262
teacher:	0.097200654	0.33539843639212646	-5.18696
student	0.04155931	0.35056509052686474	-5.6530633
teacher:	0.03670098	0.36769164339823984	-5.6709285
student	0.07891987	0.3432478624929027	-7.6982093
teacher:	0.06950601	0.32739393253958393	-7.708965
student	0.16593412	0.4910588984639465	-6.5012355
teacher:	0.17722902	0.4938309343198015	-6.64133
student	0.05123473	0.35189245853593537	-5.1578355
teacher:	0.03928986	0.3517457074103627	-5.1570992
student	0.2002361	0.44336391334773056	-6.5793023
teacher:	0.1890903	0.4480953846240969	-6.6379466
student	0.10492044	0.3886980622215377	-6.686738
teacher:	0.09341194	0.3955145413500664	-6.729468
student	0.05188964	0.30376569354232724	-7.384642
teacher:	0.04192859	0.3365527760988691	-7.419745
student	0.030303998	0.2095467974211541	-4.685495
teacher:	0.026738035	0.241944650362503	-4.7341776
student	0.2068858	0.3950614394839141	-6.522947
teacher:	0.26224685	0.41534711802999186	-6.6007724
student	0.07709117	0.3033179524408162	-7.992993
teacher:	0.07041634	0.3218635442471733	-8.022167
student	0.0886436	0.32860261340919134	-4.2053514
teacher:	0.072715804	0.33521502986422863	-4.2332377
student	0.04428681	0.19816972118619666	-4.1944647
teacher:	0.042820785	0.1976662101958415	-4.206942
student	0.040576622	0.32208237094036285	-6.9836907
teacher:	0.030862752	0.33633587948580584	-7.009113
student	0.042974874	0.3127272467812939	-6.132208
teacher:	0.04066731	0.3285664203963657	-6.1709085
student	0.134492	0.40293260766521083	-7.8173203
teacher:	0.1287606	0.4157406349342095	-7.751976
student	0.08284083	0.3866403194570759	-7.830901
teacher:	0.0715813	0.4186894066520802	-7.957054
student	0.049223244	0.3036041260105326	-7.2273264
teacher:	0.044992335	0.32985771217079857	-7.2504783
student	0.14876103	0.3360332884413985	-5.313087
teacher:	0.19265668	0.3296128947010835	-5.494376
student	0.13981417	0.4374675311936129	-4.3269744
teacher:	0.14980476	0.46074993495086913	-4.387889
student	0.074929394	0.35692977974473883	-5.8730564
teacher:	0.062445726	0.37110093719822196	-5.9057474
student	0.08548928	0.33879007331318023	-5.999562
teacher:	0.075891905	0.3635109698817757	-6.0231037
student	0.15200202	0.44855068704228246	-7.5171256
teacher:	0.14195094	0.4493992139379084	-7.4992466
student	0.06105821	0.33708559661661697	-5.353795
teacher:	0.053142745	0.3392188743018711	-5.455129
student	0.06598212	0.35671425111172006	-7.7293754
teacher:	0.06346688	0.3558273841811077	-7.7584033
student	0.08173175	0.24895077153723721	-6.06759
teacher:	0.06473804	0.26078083046628203	-6.1433063
student	0.108628266	0.3623044124905414	-7.3291693
teacher:	0.095970385	0.36595046739155246	-7.379619
student	0.1071286	0.5141037597875464	-7.8663354
teacher:	0.091999784	0.5336255653534425	-7.952218
student	0.10145944	0.27223075617136433	-6.146985
teacher:	0.111453034	0.2710549836532748	-6.069896
student	0.075031005	0.29923114251228594	-6.4092827
teacher:	0.05991867	0.3133253228264984	-6.5136666
student	0.069766715	0.3272407268792409	-9.317303
teacher:	0.06389896	0.3365660541281929	-9.368317
student	0.026619274	0.2204436574396579	-4.8750305
teacher:	0.024094557	0.26247595292725784	-4.896295
student	0.11406159	0.3769622535292744	-6.8583355
teacher:	0.10652153	0.40057439079117974	-6.8679733
student	0.059010714	0.2504489571779553	-7.4015827
teacher:	0.041773416	0.33341782563721806	-7.4352527
student	0.15364726	0.3394694503063907	-7.7489634
teacher:	0.12777011	0.3759898989811516	-7.775846
student	0.10066467	0.4296686623835086	-5.343432
teacher:	0.09191902	0.4371668375910045	-5.330439
student	0.11629087	0.4315562299057304	-8.298047
teacher:	0.08559797	0.4326185495907449	-8.379568
student	0.11421448	0.3919005344764819	-9.053677
teacher:	0.0851477	0.41816575327669403	-9.20742
student	0.061426356	0.3049367122657964	-7.447437
teacher:	0.046723835	0.3151933051176765	-7.497434
student	0.11798165	0.439660990373138	-7.936106
teacher:	0.10621391	0.45976029899742327	-8.024697
student	0.106426045	0.39355884338781094	-7.2457013
teacher:	0.102308266	0.3426968090152655	-7.2301536
student	0.09527477	0.31735872739919546	-8.015683
teacher:	0.087249644	0.3356280143275472	-8.043057
student	0.08857008	0.4835650352760611	-7.6639657
teacher:	0.07756778	0.4760953813984647	-7.698115
student	0.1352224	0.3778866858026751	-8.076818
teacher:	0.1533038	0.37555160833601553	-7.3854165
student	0.11798634	0.43977472382381455	-8.641441
teacher:	0.113937385	0.43715788760259217	-8.6086
student	0.16271815	0.46702329876569904	-6.403734
teacher:	0.14474404	0.47509179900939674	-6.4815173
student	0.064487934	0.44029907664737056	-7.541304
teacher:	0.046415333	0.4637172780141386	-7.5729814
student	0.13058154	0.34215650537618414	-6.9626937
teacher:	0.12059601	0.3501179114762443	-6.982653
student	0.057548825	0.38336349909641526	-8.053648
teacher:	0.046989568	0.4029383774294829	-8.088077
student	0.2929715	0.31879182498714864	-8.306183
teacher:	0.30307782	0.35927609307299074	-7.56289
student	0.10881837	0.25298110224839154	-7.5975285
teacher:	0.09586792	0.3048963478528128	-7.6255746
student	0.07030845	0.34587620849859163	-8.437642
teacher:	0.059020232	0.3544617879507884	-8.467816
student	0.06384703	0.3693808343865929	-7.2201056
teacher:	0.050016314	0.40366760990976863	-7.270568
student	0.038650196	0.26681381917290914	-4.9410872
teacher:	0.039193887	0.2572686413183207	-5.01088
student	0.14109907	0.3829262379003425	-8.431927
teacher:	0.111982994	0.43319084869126046	-8.536228
student	0.10358595	0.38396812704288025	-6.7453046
teacher:	0.09062778	0.4039902274636623	-6.743848
student	0.046796195	0.20416217994116193	-7.3475256
teacher:	0.040355455	0.24211360400317206	-7.4240775
student	0.054399192	0.3464189681737154	-7.1939316
teacher:	0.04455971	0.3627917100861413	-7.2295823
student	0.1079903	0.39684104092294675	-7.048183
teacher:	0.10444608	0.3811548262107898	-7.0612855
student	0.09077208	0.414108957066317	-7.3982534
teacher:	0.072115	0.438495700077646	-7.48993
student	0.14138879	0.3711318236617845	-7.8496847
teacher:	0.17368203	0.35156033349251375	-7.766532
student	0.20140524	0.40713805129675207	-6.4918504
teacher:	0.17800346	0.4133750223970651	-6.5148096
student	0.0896672	0.2931370859002125	-5.755194
teacher:	0.08480996	0.274778565015831	-5.604364
student	0.06428288	0.3070876266339605	-3.6660416
teacher:	0.059652977	0.31262174219073163	-3.6093647
student	0.08658125	0.2899252636235687	-4.359821
teacher:	0.052578095	0.2984453162478208	-4.593648
student	0.06666354	0.289796531960901	-0.8359863
teacher:	0.13202658	0.250650455662006	-1.0504619
student	0.17458552	0.32228330143327877	-5.8928022
teacher:	0.15247339	0.3538441383540919	-5.96211
student	0.089994624	0.3090941277191381	-7.013987
teacher:	0.083430365	0.31448435826508875	-7.0156703
student	0.080773585	0.3600258733325319	-7.4966516
teacher:	0.07983475	0.3642923941519356	-7.549713
student	0.04734	0.24131809953432803	-4.247046
teacher:	0.042564537	0.2310196912491654	-4.355918
student	0.192583	0.29500537755330686	-6.4953456
teacher:	0.18640788	0.2992876852107268	-6.5049405
student	0.07764284	0.3381771647999198	-5.251808
teacher:	0.0880786	0.356035743102343	-5.2384257
student	0.06613953	0.2970793148153447	-6.009669
teacher:	0.051399622	0.300291759463815	-6.0513253
student	0.10020178	0.4038274235624938	-6.3185
teacher:	0.08659423	0.41907531380853624	-6.3291364
student	0.035005502	0.31522564277513976	-6.857642
teacher:	0.029230703	0.3145268875312419	-6.905944
student	0.10958485	0.3408326001759285	-8.065998
teacher:	0.087287806	0.3643457128928468	-8.144775
student	0.06836489	0.39288576572387535	-7.1172776
teacher:	0.054157104	0.4242530147687498	-7.152983
student	0.09191116	0.4342810160972392	-6.6913013
teacher:	0.07789606	0.48750904024235053	-6.755991
student	0.111569725	0.35474907016920126	-6.5628624
teacher:	0.07982674	0.38284033758061503	-6.6599197
student	0.04083856	0.3418459149019801	-6.5951877
teacher:	0.029520437	0.37450098209108085	-6.635162
student	0.12168247	0.22131861497026423	-7.7538757
teacher:	0.052191317	0.2589552402966458	-7.7052536
student	0.118563704	0.39832835615047546	-4.284492
teacher:	0.1059621	0.41058507246162107	-4.3971443
student	0.09981671	0.3983467654414595	-6.3783655
teacher:	0.07985267	0.41843161981627897	-6.3864374
student	0.284423	0.34094627618695433	-4.439907
teacher:	0.20835328	0.3747072272485023	-4.5415864
student	0.098409794	0.2773740236522397	-6.944918
teacher:	0.09570023	0.2775126676743687	-6.941096
student	0.13228168	0.4430507650439437	-6.38171
teacher:	0.11923027	0.45673981440775585	-6.418432
student	0.033761926	0.23842144449882008	-2.911195
teacher:	0.032476865	0.24049385455038694	-2.942559
student	0.0598101	0.34656986174089743	-7.3411865
teacher:	0.06275132	0.34595345865616367	-7.347664
student	0.09846758	0.28918206429132304	-7.5027947
teacher:	0.083322436	0.29509032695224297	-7.4843926
student	0.10653223	0.3665943918532492	-4.136904
teacher:	0.07995897	0.38890773694136127	-4.1310983
student	0.10170039	0.2311050039283766	-7.313675
teacher:	0.08112211	0.24474887554899558	-7.411261
student	0.0744913	0.4314858156099759	-5.8383684
teacher:	0.07258611	0.422150421707477	-5.878794
student	0.13797441	0.4553415350847135	-7.003747
teacher:	0.12213542	0.4654888387443384	-7.118709
student	0.095019706	0.4179720563286146	-6.8638253
teacher:	0.07803909	0.4267893811434149	-6.863595
student	0.13910425	0.3426795961184499	-6.4656157
teacher:	0.13865243	0.35704374087664287	-6.5346966
student	0.103200726	0.46462355610607164	-7.1045556
teacher:	0.09144412	0.47603017013332993	-7.2458954
student	0.047579404	0.3508417510271793	-6.410414
teacher:	0.04428954	0.3470681717213208	-6.3855834
student	0.026346691	0.2686561961922575	-4.6960673
teacher:	0.024329213	0.27001111258699884	-4.745919
student	0.056199554	0.24199781388372094	-6.852453
teacher:	0.053065978	0.24762366045720025	-6.8682046
student	0.0766565	0.343693344101402	-7.497514
teacher:	0.062379107	0.3581916445755737	-7.5604324
student	0.08401036	0.3828121219602028	-6.8244843
teacher:	0.068260275	0.40960446149454843	-6.8291926
student	0.04707946	0.2281179787996052	-3.4486268
teacher:	0.028860893	0.24709523806407296	-3.509152
student	0.15514739	0.3699661565394395	-8.313757
teacher:	0.12498764	0.4162288516385145	-8.3794985
student	0.096867755	0.26436725046128484	-7.978858
teacher:	0.08744897	0.2941942783034261	-8.098741
student	0.08550108	0.40478011261583047	-6.934401
teacher:	0.07749136	0.3889372076152592	-6.91458
student	0.033637293	0.2564427783778804	-6.693498
teacher:	0.030494986	0.27845808726666466	-6.717164
student	0.12487453	0.36452753947339384	-4.912785
teacher:	0.11068377	0.36944018341864715	-4.909061
student	0.17685528	0.38595449161647266	-7.4318924
teacher:	0.17683625	0.36528658569845346	-7.484931
student	0.05541125	0.2917154293445341	-6.6117334
teacher:	0.051517513	0.3194931290347731	-6.6517897
student	0.07615116	0.26593841779791894	-6.316398
teacher:	0.055646144	0.3147271586165921	-6.38795
student	0.01317482	0.22338307716200942	-4.441031
teacher:	0.012851395	0.24930426809503095	-4.4811697
student	0.10678813	0.38911757357233084	-6.0877023
teacher:	0.077542566	0.4730450152378727	-6.2145367
student	0.13232785	0.4273918899079483	-7.2877946
teacher:	0.10971068	0.4740886787103275	-7.3439856
student	0.038690507	0.35970994799576406	-6.708922
teacher:	0.03677175	0.34886280684207527	-6.7377954
student	0.06260284	0.27065146307313925	-7.326017
teacher:	0.057653334	0.27302849432048065	-7.4017105
student	0.13845398	0.45927243280565544	-6.2702174
teacher:	0.10698216	0.48356066549593035	-6.252266
student	0.07090793	0.33433228348946237	-6.9916186
teacher:	0.056470584	0.34273939247731844	-7.003077
student	0.096159406	0.3535612630766488	-4.9110527
teacher:	0.06794011	0.36930140783622073	-4.9686832
student	0.088786885	0.2819685258472046	-5.7851706
teacher:	0.08033135	0.29379576828639786	-5.8015575
student	0.066547245	0.34372496691492116	-4.457112
teacher:	0.054729402	0.3420390511021785	-4.4696326
student	0.099438064	0.4536511657882999	-6.762293
teacher:	0.09446856	0.46564034239568136	-6.8006277
student	0.028372645	0.2380856214077963	-2.5247605
teacher:	0.024211718	0.2461221446629067	-2.5254943
student	0.06467564	0.37267929941615074	-8.850205
teacher:	0.06183997	0.38669360724854956	-8.84521
student	0.1273644	0.3818528368240884	-7.3647833
teacher:	0.10313137	0.3918117072746802	-7.370814
student	0.08921905	0.3745781319026955	-7.430532
teacher:	0.08166228	0.38873224385786775	-7.458702
student	0.05879821	0.34878735259444776	-6.558127
teacher:	0.052785903	0.3802306058516355	-6.61129
student	0.4076333	0.16332038289591697	-11.996891
teacher:	0.2583541	0.20098553778186729	-11.053542
student	0.11436213	0.38104957594339584	-7.1218514
teacher:	0.12619753	0.3736127961362043	-7.0267105
student	0.10454905	0.3544515325513026	-9.439265
teacher:	0.08775714	0.35672887389617197	-9.482371
student	0.054425776	0.3134239198935805	-6.9871593
teacher:	0.048795708	0.3139784108613999	-7.0330763
student	0.07364129	0.3764428543291398	-7.684654
teacher:	0.06606687	0.3910081013311514	-7.7154236
student	0.078757755	0.39766640074294485	-6.9054904
teacher:	0.07358286	0.3933999185664348	-6.9729233
student	0.06235397	0.3218117735284986	-6.564031
teacher:	0.05647134	0.3250804631741935	-6.718755
student	0.06814912	0.23528915711004975	-4.8479657
teacher:	0.0722129	0.23960856422415713	-4.9597607
student	0.1202166	0.34351607647547405	-5.249428
teacher:	0.13430057	0.321455254124389	-5.205813
student	0.10804893	0.3313982860062228	-7.62431
teacher:	0.096216805	0.327265939989446	-7.6435413
student	0.16146836	0.3871967639186072	-5.414126
teacher:	0.15532994	0.385563440700889	-7.93012
student	0.0918362	0.29494708519278356	-7.685244
teacher:	0.076253325	0.30048981963978894	-7.736306
student	0.10576394	0.43502294047728607	-5.6587987
teacher:	0.10166115	0.4512887741798038	-5.6724887
student	0.07374376	0.22830343056165123	-4.271754
teacher:	0.049025137	0.2294482999237788	-4.376981
student	0.10709051	0.2512477427713487	-6.2270756
teacher:	0.09098211	0.25474644580193734	-6.246143
student	0.1249953	0.3399457394160883	-7.7721505
teacher:	0.113727205	0.36802760239571575	-7.8392506
student	0.087051146	0.3713791273932354	-6.2262974
teacher:	0.08048801	0.3897439307095705	-6.2392616
student	0.046628788	0.4245773993575909	-5.8895364
teacher:	0.044673245	0.4574029156105943	-5.925957
student	0.14277236	0.40799774085433743	-6.053459
teacher:	0.13434947	0.4234331296873543	-6.0985184
student	0.13788119	0.31441519590177036	-6.562668
teacher:	0.116250575	0.3401675866536234	-6.6740675
student	0.15522645	0.3722191679520232	-5.7292666
teacher:	0.13474515	0.3881384686346941	-5.889933
student	0.12712544	0.32303937289082635	-5.401584
teacher:	0.21830936	0.3169290002416954	-5.399273
student	0.08041274	0.31647019311157604	-10.062131
teacher:	0.07605036	0.31572146078247887	-10.035871
student	0.09642917	0.3850269892934866	-8.137033
teacher:	0.090369254	0.3773366511586137	-8.132069
student	0.10933972	0.2964929947263895	-7.4448457
teacher:	0.106573336	0.3164523803692839	-7.519297
student	0.11296359	0.3523166604202307	-7.4163537
teacher:	0.09020317	0.37500242809920425	-7.54019
student	0.11023012	0.22309271958876103	-8.476006
teacher:	0.1032699	0.1987522798348642	-8.618195
student	0.16203868	0.4614078703242123	-7.8969026
teacher:	0.15413848	0.47889387731456373	-7.9958887
student	0.12215174	0.4847562551631292	-8.446778
teacher:	0.18388166	0.43150038824499337	-8.2360735
student	0.1722727	0.33434980992835167	-5.694791
teacher:	0.15878515	0.3464893447822778	-5.7865076
student	0.11077828	0.4098949975310988	-6.3088636
teacher:	0.08796043	0.41716530459022455	-6.398796
student	0.08262468	0.33171578772236365	-6.2856774
teacher:	0.0794365	0.3367938776329748	-6.3410373
student	0.054481048	0.2761822870910085	-5.4070725
teacher:	0.046528134	0.2924500839097978	-5.459315
student	0.12303756	0.34589686408146375	-7.1824594
teacher:	0.11380334	0.33229917551912075	-7.2620554
student	0.09934107	0.31010285387226755	-8.475017
teacher:	0.08362863	0.3011267765073162	-8.774831
student	0.062030002	0.2357656277716109	-7.567763
teacher:	0.05407027	0.2698833982207066	-7.5399847
student	0.12344765	0.40099128535096873	-7.1633554
teacher:	0.13237225	0.39783384320366305	-7.138253
student	0.12817365	0.3966708222818854	-8.350975
teacher:	0.12651107	0.39848401108381365	-8.30747
student	0.08912899	0.4141093783923684	-8.346547
teacher:	0.08115741	0.45677150851601095	-8.331977
student	0.18081152	0.5774247236311375	-8.844708
teacher:	0.13904373	0.5978851393242554	-8.627483
student	0.14574541	0.2864485569978378	-7.8772593
teacher:	0.15610348	0.3039180257842247	-8.078613
student	0.09845404	0.44678204683870054	-7.524451
teacher:	0.09271421	0.4686348806607933	-7.497397
student	0.10664251	0.42650029807599554	-7.708324
teacher:	0.09004335	0.4349106195386722	-7.7004666
student	0.097238615	0.254569683176958	-7.4860797
teacher:	0.06713361	0.33573985724778027	-7.586213
student	0.1618317	0.3740915145385015	-8.165738
teacher:	0.10027913	0.41781026430994467	-8.184191
student	0.095246084	0.3221428945101002	-6.8663526
teacher:	0.08717445	0.36211489252703677	-6.8493047
student	0.106866725	0.37974042864247504	-9.186444
teacher:	0.08534956	0.39574036986260647	-9.247434
student	0.04461655	0.2825930978040436	-6.9797134
teacher:	0.040705744	0.26302329512074335	-7.011995
student	0.10692074	0.4020688733814962	-7.6030154
teacher:	0.106587104	0.4266774226910525	-7.630202
student	0.111389585	0.3467171872409644	-8.34682
teacher:	0.086238004	0.37611284394369354	-8.388326
student	0.06585057	0.3356002555524273	-8.172275
teacher:	0.061226334	0.3423179120346261	-8.259145
student	0.112952396	0.29654672713991487	-4.8081613
teacher:	0.098183535	0.2982665193352589	-4.596955
student	0.10521655	0.3753905897739705	-6.6077905
teacher:	0.09268397	0.3753087904286953	-6.645724
student	0.037852038	0.2547084248614725	-7.0806904
teacher:	0.051600993	0.24773560963120084	-7.088089
student	0.10925558	0.3576766099404983	-4.7639117
teacher:	0.0964769	0.38364573328912266	-4.742592
student	0.11567011	0.3683562093542717	-7.418506
teacher:	0.09647901	0.4033967400941472	-7.455504
student	0.09326912	0.3753861721674158	-7.035424
teacher:	0.08031168	0.3844427757850381	-7.028132
student	0.09636742	0.3781130601035655	-7.674969
teacher:	0.09499525	0.3751205143089326	-7.741282
student	0.1020177	0.3114549096665841	-5.332997
teacher:	0.07369447	0.3465467161613292	-5.4680457
student	0.084087715	0.2808879439932189	-6.0606923
teacher:	0.08332922	0.28234350446234674	-6.1319036
student	0.13746153	0.2990186140257878	-7.8026767
teacher:	0.1378189	0.31748595573847926	-7.844381
student	0.09695662	0.37343104245069336	-6.9971976
teacher:	0.0891593	0.38208175720341053	-6.9784617
student	0.18326502	0.16990493409060745	-4.400561
teacher:	0.07145956	0.2326054841146477	-4.476026
student	0.1602678	0.291373304009587	-4.819655
teacher:	0.13765532	0.30409537009531545	-4.795728
student	0.1414541	0.43637158743015997	-6.6816244
teacher:	0.123858064	0.4556766761209861	-6.7063622
student	0.092241265	0.3962951854491248	-7.757651
teacher:	0.09106883	0.3718161555352235	-7.8605433
student	0.0803917	0.42930168844255345	-6.7024
teacher:	0.08715243	0.42179981526963767	-6.7814026
student	0.0670947	0.31331216738143364	-2.0961387
teacher:	0.059125982	0.3247996046924581	-2.1398995
student	0.0851737	0.22095242038521054	-4.575537
teacher:	0.076993726	0.23581999730236466	-4.708226
student	0.079840876	0.28929630223172037	-9.5633745
teacher:	0.08440797	0.28962662853753074	-9.602985
student	0.0838794	0.34275274367478725	-7.2908783
teacher:	0.06658656	0.39943676649722104	-7.359301
student	0.08755353	0.4065642848355525	-8.00604
teacher:	0.06855407	0.43328872973247606	-7.8903766
student	0.2485181	0.4124541913612849	-8.650727
teacher:	0.15731746	0.45884656139788654	-8.414952
student	0.10549444	0.3565462148936107	-10.653676
teacher:	0.109324425	0.3665968997095237	-10.826531
student	0.10014002	0.4254760783871898	-7.853739
teacher:	0.08297148	0.4563118950372836	-7.8173547
student	0.13535596	0.24365527861138195	-7.62025
teacher:	0.11134962	0.24942088572294138	-7.1949377
student	0.0714038	0.3983510121556268	-7.333521
teacher:	0.06051572	0.3995953160039868	-7.3355603
student	0.077467844	0.32382518175391	-7.0994806
teacher:	0.066587135	0.36711412441334873	-7.080208
student	0.11712502	0.3509854914806884	-9.326361
teacher:	0.10813888	0.3709828327018909	-9.395764
student	0.17958646	0.40628508906277444	-7.8790097
teacher:	0.18024686	0.4226116776023373	-8.010693
student	0.06595359	0.3685875328228087	-7.8881826
teacher:	0.047724787	0.38353265930241137	-7.964824
student	0.11853297	0.3103097819074363	-3.462044
teacher:	0.09684727	0.3244040196431042	-3.2465482
student	0.04041215	0.23289394703707952	-4.328508
teacher:	0.03542727	0.23299591060803182	-4.336035
student	0.06796474	0.42045230995617777	-7.6397004
teacher:	0.054656234	0.4221268526633454	-7.7101274
student	0.033357315	0.3657564668227675	-7.1484385
teacher:	0.031847596	0.3660066686373712	-7.210227
student	0.081842445	0.3576225924018276	-7.5348196
teacher:	0.0655348	0.3624577114077969	-7.556345
student	0.16530989	0.2629433164335577	-5.146645
teacher:	0.11493274	0.29236460547976995	-4.9590936
student	0.096347146	0.3465384773207025	-7.0914664
teacher:	0.09938378	0.34600908622888077	-6.947034
student	0.14879268	0.34907255636585177	-6.445313
teacher:	0.12061355	0.41780894894975623	-6.4416676
student	0.054080606	0.22389130933872087	-4.5264263
teacher:	0.05447876	0.2146795490981097	-4.277351
student	0.04833407	0.27633312938564825	-6.0872173
teacher:	0.04249581	0.29469457720347964	-6.078146
student	0.040592	0.22950520954298326	-6.6915097
teacher:	0.050869647	0.19999378967515832	-6.548594
student	0.21988852	0.328891351670224	-2.856037
teacher:	0.27032125	0.3184900313577548	-2.9373093
student	0.15187603	0.45909683774930277	-4.599296
teacher:	0.14089605	0.4521206052180582	-4.595046
student	0.11869261	0.2467510167272403	-7.0695643
teacher:	0.12379975	0.2554087692156598	-7.0861993
student	0.052412204	0.2959770540558192	-5.295488
teacher:	0.042074386	0.3247902214632033	-5.259625
student	0.12067104	0.33883117162309984	-4.601265
teacher:	0.085547134	0.37590573150847156	-4.65494
student	0.05416663	0.25439091803786	-7.8162384
teacher:	0.048300147	0.25445989132543706	-7.976755
student	0.057892118	0.2361865190565348	-6.508007
teacher:	0.06121048	0.23800567038887	-6.598196
student	0.044094693	0.2979924265060219	-5.5391974
teacher:	0.05381704	0.2922603476217067	-5.4677954
student	0.10897027	0.2803151315010507	-5.9338813
teacher:	0.09444587	0.2848632034416568	-5.9734063
student	0.15317315	0.3147387502269022	-7.867197
teacher:	0.14410703	0.32466917161776554	-7.4467325
student	0.058188986	0.35668999407518215	-7.850818
teacher:	0.05025243	0.3638227112329336	-7.8834925
student	0.13050897	0.27918578048481474	-8.534071
teacher:	0.12476887	0.28351096808495413	-8.213695
student	0.090753846	0.28737754238303964	-7.408532
teacher:	0.075440474	0.2887495751571877	-7.4885397
student	0.16563773	0.35749592606388825	-7.7863593
teacher:	0.21943203	0.35546382183595193	-7.167746
student	0.23811951	0.28815385759361795	-8.16071
teacher:	0.2838225	0.2903428931794566	-8.20738
student	0.06568282	0.3254293807126374	-6.6170306
teacher:	0.06692804	0.3335860853599664	-6.629061
student	0.074845865	0.4173333309148169	-8.050733
teacher:	0.07598496	0.4262696299374422	-8.09239
student	0.087486036	0.316719836287336	-7.51743
teacher:	0.097289175	0.3167996327629038	-7.5551896
student	0.06554383	0.4188880138380253	-5.273718
teacher:	0.057722185	0.43516389735391864	-5.28816
student	0.083606	0.4400907506007607	-8.404294
teacher:	0.06522165	0.49038326460307013	-8.5513735
student	0.1145413	0.3978876594047445	-7.9575577
teacher:	0.10685505	0.4176819114096573	-8.002124
student	0.17471895	0.4788546273103891	-7.9161134
teacher:	0.15546647	0.5069905400848694	-7.9933686
student	0.07259945	0.3122948354787506	-7.4255586
teacher:	0.05699774	0.3492162621095814	-7.5146503
student	0.09465718	0.2893310613931475	-8.167875
teacher:	0.10800742	0.28935946352465997	-8.275929
student	0.053615104	0.3653483935155551	-7.8519382
teacher:	0.048937313	0.3689339057024819	-7.8418045
student	0.16035254	0.38290392446970606	-8.857068
teacher:	0.14259881	0.45596823297250255	-8.889997
student	0.055841506	0.27652556517476035	-7.592057
teacher:	0.045691244	0.3070331965584892	-7.6316733
student	0.11641443	0.2987106590796788	-6.5641174
teacher:	0.11094574	0.29852441416037623	-6.617225
student	0.0541145	0.27209820240372096	-7.578749
teacher:	0.051896397	0.2746670705280599	-7.5717607
student	0.037518326	0.31466211112719356	-5.1789584
teacher:	0.030493118	0.34513389689203944	-5.198532
student	0.272083	0.09313147569499318	-2.3460724
teacher:	0.22944051	0.0846168341896906	-2.1848989
student	0.10668923	0.3023364654329456	-6.7623324
teacher:	0.1006234	0.33508925483433455	-6.8157935
student	0.11454625	0.381374938684251	-7.0052104
teacher:	0.09817972	0.40178729387060447	-7.0527024
student	0.074896336	0.3886785832999005	-5.354147
teacher:	0.06520078	0.4091873045621001	-5.1619744
student	0.12449966	0.40239926226718187	-7.267249
teacher:	0.10322078	0.42477642022201734	-7.4054227
student	0.1766575	0.34498409308447114	-4.7524543
teacher:	0.17152336	0.34653828029415124	-4.7675824
student	0.1931	0.5016229166204238	-3.3454063
teacher:	0.19770922	0.501707040084509	-3.417905
student	0.24502912	0.27495670465544775	-7.136418
teacher:	0.21672717	0.2918300518778975	-6.7831407
student	0.095717825	0.3838368997838538	-5.1713014
teacher:	0.085092224	0.3900444537063535	-5.1814966
student	0.12827712	0.35779906539271933	-5.7028933
teacher:	0.10689621	0.3791723076873379	-5.7714057
student	0.085105516	0.26313490929915506	-5.99042
teacher:	0.115077384	0.23996089492521977	-5.9775224
student	0.06652656	0.2535024359234123	-7.0560026
teacher:	0.054237302	0.26449885515461774	-7.0916924
student	0.07420727	0.38215419508341514	-7.6975465
teacher:	0.068063766	0.38316432165600345	-7.756838
student	0.17190123	0.4468116670017832	-5.2285132
teacher:	0.15108992	0.508044506731704	-5.2841783
student	0.04098444	0.16034973582890208	-5.502704
teacher:	0.044526286	0.16552905005628135	-5.537317
student	0.08380737	0.45097416748502883	-7.595099
teacher:	0.062396012	0.48437405778262704	-7.6540146
student	0.0937631	0.36676172560588965	-9.146018
teacher:	0.085649304	0.3843129729110502	-9.168401
student	0.11971035	0.4256715362697863	-8.245114
teacher:	0.11321612	0.41176507625755615	-8.328102
student	0.055762094	0.2630973754856839	-6.4106207
teacher:	0.051689293	0.27278591397038143	-6.4395356
student	0.059261236	0.2912079389556627	-6.281643
teacher:	0.056199882	0.29195943726045104	-6.3052797
student	0.014789207	0.20390739930426685	-7.575713
teacher:	0.015283765	0.2031719708511118	-7.5766926
student	0.01879315	0.15523256903737	-3.7532709
teacher:	0.013811817	0.15543961373321494	-3.7781737
student	0.10204399	0.3166777399406958	-7.433922
teacher:	0.097835995	0.32236856381120854	-7.4584165
student	0.06185252	0.3833347556354863	-7.3423004
teacher:	0.052665558	0.38457573273424966	-7.39358
student	0.052797187	0.3278884193403532	-7.6090226
teacher:	0.046055786	0.34333270431508045	-7.622406
student	0.08701861	0.34968076337596443	-7.4031625
teacher:	0.06208296	0.3618158149993147	-7.448194
student	0.04881393	0.34082571873527756	-6.40866
teacher:	0.036660317	0.3498798871081699	-6.449342
student	0.04092364	0.3258972881734063	-6.379095
teacher:	0.037364114	0.331947220126398	-6.4083824
student	0.1513575	0.40985110563346205	-4.301746
teacher:	0.15575638	0.41797340431759494	-4.442469
student	0.15607305	0.36281910333545325	-3.7636735
teacher:	0.13953274	0.3406578829590053	-3.9035332
student	0.09681677	0.34377316984099987	-6.7520337
teacher:	0.10282884	0.34205151232272213	-6.815016
student	0.0828577	0.34208205874449543	-8.196298
teacher:	0.08045747	0.34100893450625475	-8.141785
student	0.17109205	0.2622501794046251	-6.1210318
teacher:	0.18812346	0.32538627763569233	-6.1525326
student	0.06548347	0.2567116035994627	-7.662568
teacher:	0.051693227	0.27055572979830184	-7.742864
student	0.118278526	0.2982615141550393	-6.440436
teacher:	0.092095904	0.3190562564511081	-6.4843974
student	0.11581797	0.34163558662954174	-7.81894
teacher:	0.09722919	0.3510276001979524	-7.7883506
student	0.06848646	0.2881068710166929	-3.309237
teacher:	0.06070354	0.2894304871769035	-3.3454356
student	0.04438924	0.2832291275214902	-7.1746006
teacher:	0.040710736	0.3039770738851695	-7.22804
student	0.08173943	0.363129384188238	-7.8338385
teacher:	0.07531623	0.36652387363915695	-7.8409443
student	0.058355004	0.38862787680885136	-3.8279212
teacher:	0.059330422	0.38830729704467276	-3.8367836
student	0.15893154	0.44450000089855884	-6.873874
teacher:	0.13611206	0.4542739500043904	-6.9035482
student	0.15809247	0.36958153315142345	-6.157035
teacher:	0.16118617	0.36644010595214377	-5.9075766
student	0.038647313	0.26854477869598165	-5.869428
teacher:	0.032075014	0.3003905078239871	-5.88477
student	0.050214075	0.3209612455596448	-5.5163603
teacher:	0.045855243	0.32845790529321617	-5.5646043
student	0.0397518	0.24311699104955073	-6.0615363
teacher:	0.020759672	0.2815339641220226	-6.128916
student	0.054025553	0.38256569518941436	-4.9390445
teacher:	0.04465881	0.3872016630264947	-4.9056563
student	0.03787248	0.2938975642109929	-5.346503
teacher:	0.033099014	0.29610935010482853	-5.337438
student	0.05786649	0.3229787119302127	-6.1134796
teacher:	0.05351456	0.3448143648313384	-6.111854
student	0.11529267	0.3731790756196989	-6.3385377
teacher:	0.102062955	0.4166096997143773	-6.402234
student	0.1092783	0.5197292578630488	-6.694429
teacher:	0.0838387	0.5447949419948934	-6.8186707
student	0.11831197	0.4275995991119619	-5.570553
teacher:	0.096923396	0.4582957542476184	-5.645922
student	0.04095539	0.28239482190118614	-6.921322
teacher:	0.038399596	0.28336801113825	-6.919534
student	0.1353151	0.4473354298442529	-5.4483457
teacher:	0.109919906	0.44979240998677095	-5.506879
student	0.083367325	0.3090237843779228	-7.5266004
teacher:	0.06664822	0.3232833217777708	-7.5966034
student	0.10747809	0.3580961840849238	-7.1815023
teacher:	0.1085327	0.3715539999694443	-7.228472
student	0.039583094	0.2694692053598103	-6.038445
teacher:	0.040147644	0.2696733424882035	-6.452932
student	0.12639682	0.4543167314076236	-10.09883
teacher:	0.1437399	0.4628905978146167	-9.660497
student	0.087775	0.3117967810664759	-8.0645485
teacher:	0.10159896	0.323118181437102	-7.730095
student	0.016526785	0.22351184878649458	-4.104977
teacher:	0.015676552	0.24470701236076986	-4.2264843
student	0.05548765	0.36018331124499364	-5.0245514
teacher:	0.040324766	0.38213865539291936	-5.0176034
student	0.07271581	0.3184734718689565	-7.3040032
teacher:	0.06257835	0.3264851018203904	-7.3063455
student	0.09584295	0.45183897430061803	-6.4787226
teacher:	0.081950255	0.4594207478965884	-6.575304
student	0.1091645	0.30471972121080954	-3.7341096
teacher:	0.08929043	0.32139386436954775	-3.8017747
student	0.27525288	0.3956915408217753	-4.4780083
teacher:	0.25719732	0.3861276315584168	-4.8166957
student	0.0735976	0.3243891465139965	-4.087044
teacher:	0.068457246	0.3731049957580913	-4.0299053
student	0.10359322	0.45488328228156977	-7.6519647
teacher:	0.08948073	0.47552380436792757	-7.663236
student	0.09247787	0.5043919137175387	-6.821819
teacher:	0.07293853	0.520880729728803	-6.8762045
student	0.1204248	0.5013389099098299	-7.681417
teacher:	0.10638471	0.5130255923315158	-7.732325
student	0.06636195	0.3604331292637523	-6.5704703
teacher:	0.054340146	0.38954162605922493	-6.591797
student	0.11524103	0.332241129554945	-3.029912
teacher:	0.09051655	0.3571860319075732	-4.5266466
student	0.09489501	0.3404949902689416	-7.921001
teacher:	0.07520123	0.3694714305585558	-7.965937
student	0.12379212	0.444681583983907	-6.690008
teacher:	0.10007335	0.45971089039043617	-6.7063217
student	0.13037066	0.4909227891668227	-7.323801
teacher:	0.13139385	0.49097356015347265	-7.3949943
student	0.111545585	0.32865349587287424	-7.081595
teacher:	0.12387495	0.3507298657911849	-7.0882273
student	0.16159694	0.5604959011364011	-8.188089
teacher:	0.15647212	0.5448740233056443	-8.029919
student	0.09556517	0.4272663428431393	-8.294981
teacher:	0.08651658	0.4281265623856326	-8.319333
student	0.06163042	0.3048145218788749	-6.706995
teacher:	0.06051718	0.3145131151987515	-6.9619884
student	0.13305561	0.47755636411700264	-6.0319233
teacher:	0.12860437	0.4919809599476218	-6.070741
student	0.14320055	0.5097054266934316	-5.955668
teacher:	0.14706959	0.5103392202307038	-6.1329675
student	0.26718625	0.5046537979141416	-8.648366
teacher:	0.16732186	0.5658356207332089	-8.605321
student	0.21223111	0.47149500058266164	-5.71231
teacher:	0.20327228	0.47726144854292013	-5.779177
student	0.09260499	0.40360684707004096	-7.3593354
teacher:	0.07364804	0.39094538695236136	-7.449756
student	0.11367348	0.409351071776719	-6.3056207
teacher:	0.1252006	0.41788183109904914	-6.3123426
student	0.10327721	0.4144585601518466	-6.086428
teacher:	0.106702715	0.4213721291973202	-6.0758257
student	0.16465998	0.18886224152351386	-7.8887243
teacher:	0.10439903	0.20235103159152534	-7.6658573
student	0.0510914	0.31707604812164264	0.6668004
teacher:	0.043955322	0.365353614827591	0.6049695
student	0.06982671	0.49362812498069725	-7.145552
teacher:	0.071617745	0.48793526658145003	-7.1772633
student	0.035767496	0.2908598887001029	-8.369812
teacher:	0.035700638	0.28507251211845314	-8.306194
student	0.1289219	0.38895136353059434	-7.293651
teacher:	0.11933569	0.4305073868412483	-7.2153535
student	0.06488727	0.22417542991390038	-5.8698554
teacher:	0.058704134	0.22620642320988077	-5.8672466
student	0.16968395	0.46237664244645604	-8.304126
teacher:	0.15099142	0.49871810521921295	-8.28461
student	0.122256964	0.42188861258366867	-7.439102
teacher:	0.1050541	0.4417550033454988	-7.538971
student	0.117330015	0.4282093443977313	-7.398142
teacher:	0.11149535	0.43466781482941125	-7.494234
student	0.10780025	0.4265499781976133	-6.2260447
teacher:	0.0936359	0.4485031421994866	-6.280885
student	0.08350724	0.36584162727806163	-7.0881634
teacher:	0.07637278	0.4048972497949118	-7.1448975
student	0.099960096	0.31935662621946914	-7.811278
teacher:	0.10210812	0.34300248213170653	-7.8538404
student	0.13596515	0.3343938002149315	-6.0481844
teacher:	0.123998545	0.3486549459003146	-6.2159314
student	0.1389856	0.3898970322396636	-7.8964114
teacher:	0.104246564	0.41667762662595476	-7.9930015
student	0.07870486	0.35562379669999167	-5.127443
teacher:	0.06651235	0.3667503856512977	-5.280451
student	0.087997526	0.35936036619315137	-6.0942397
teacher:	0.07476419	0.3708432756681774	-6.1093836
student	0.13739079	0.4331874844405963	-9.201301
teacher:	0.12667926	0.4327486995818979	-9.289548
student	0.080121696	0.3605986040506113	-6.7686744
teacher:	0.07742214	0.3832673929178054	-6.8062434
student	0.08135814	0.43238189940665744	-5.6063333
teacher:	0.08214132	0.39570020914756815	-5.663163
student	0.13450135	0.4221501783009315	-6.175273
teacher:	0.12266636	0.4192010207072879	-6.3112965
student	0.10865204	0.3859511398909317	-4.1369815
teacher:	0.11238736	0.38483086011571266	-4.0574865
student	0.06528026	0.34764812459826655	-3.8389885
teacher:	0.061537288	0.3553966075361145	-3.991235
student	0.083857745	0.3312803671808457	-4.4160357
teacher:	0.37051556	0.3116215859618481	-3.9010403
student	0.04367599	0.23921953452561326	-5.765866
teacher:	0.03513104	0.2836245153485459	-5.771704
student	0.04591866	0.21842677836083624	-2.527051
teacher:	0.04500348	0.217875914212078	-2.537336
student	0.111003086	0.42632484552743166	-6.5235443
teacher:	0.111450315	0.43212727641081644	-6.836417
student	0.08951382	0.3420445156846971	-8.169276
teacher:	0.077939235	0.3815677076849743	-8.15495
student	0.085370965	0.37763577145511834	-5.6840706
teacher:	0.08093641	0.4017570159292999	-5.7767296
student	0.08084753	0.3558588154312066	-6.021193
teacher:	0.069213085	0.36622452324260185	-6.054342
student	0.058532614	0.20518788640169522	-7.198752
teacher:	0.058147304	0.20926207504756683	-7.256256
student	0.08383652	0.42186903146034976	-7.0535355
teacher:	0.08212645	0.4117159267472123	-7.045687
student	0.04847303	0.3204117354933074	-5.6700764
teacher:	0.042854484	0.3516300084494156	-5.6969705
student	0.13528001	0.2980128825634784	-6.521413
teacher:	0.16397901	0.31872309649150604	-6.402821
student	0.051816817	0.31145138236143355	-5.096418
teacher:	0.050929815	0.3142294194575224	-5.2256565
student	0.05810619	0.34605220232401834	-5.1199274
teacher:	0.054229327	0.3679323731211913	-5.18117
student	0.045434866	0.1895688721929675	-6.0899034
teacher:	0.049554653	0.18681567771112406	-5.920205
student	0.061548587	0.2790081807802588	-3.996529
teacher:	0.054659437	0.3040072535569472	-4.0428343
student	0.07063769	0.23589433312744737	-4.1635027
teacher:	0.058282524	0.24205322527652703	-4.202555
student	0.0639454	0.24464887724153914	-1.608298
teacher:	0.06476229	0.21822292545315128	-1.6261632
student	0.07074002	0.3365760403030015	-5.5148454
teacher:	0.06707733	0.3378432000701151	-5.537991
student	0.24062228	0.3815439798521812	-8.481317
teacher:	0.2381358	0.41387246377510517	-8.45881
student	0.06647232	0.32059029531745564	-6.2975755
teacher:	0.067372285	0.3427431635754023	-6.2846665
student	0.05745267	0.4114393651376499	-7.567698
teacher:	0.052197017	0.4291259702617296	-7.564211
student	0.07686657	0.4001678290157009	-5.7287807
teacher:	0.06683888	0.4239491306579377	-5.7171426
student	0.12498418	0.44804411125565197	-6.2570558
teacher:	0.09992444	0.46498778775478355	-6.346001
student	0.122764245	0.3830510161593053	-7.600843
teacher:	0.10350669	0.41776958815922155	-7.733524
student	0.14129683	0.3780483650915122	-6.2905273
teacher:	0.10452722	0.44762399489163845	-6.4795685
student	0.11048807	0.49697733830644725	-5.4285345
teacher:	0.11110954	0.5231074266118328	-5.4428687
student	0.059316844	0.3128844945615182	-6.787988
teacher:	0.06026017	0.3279191593731124	-6.797171
student	0.07857878	0.40738341204649847	-7.080347
teacher:	0.08292611	0.3976890628451585	-7.1095552
student	0.1557443	0.4867713031575285	-5.9264956
teacher:	0.13915327	0.5215494887399084	-5.989613
student	0.1277065	0.4221472246033706	-6.1008134
teacher:	0.11241617	0.4540994814015152	-6.0578294
student	0.14393495	0.4766997177433205	-8.024527
teacher:	0.12499208	0.5249820076950533	-8.082393
student	0.11760972	0.32151380711103605	-7.8702426
teacher:	0.10255471	0.3322633395331894	-7.917282
student	0.085677035	0.35818205859562086	-7.908008
teacher:	0.09377589	0.3770315438317633	-8.0033455
student	0.037159692	0.33200697233830645	-8.164151
teacher:	0.037730224	0.33503488723829034	-8.199299
student	0.125343	0.471411834241331	-8.4692335
teacher:	0.11129608	0.540057736553794	-8.5349655
student	0.19009665	0.2411702366368925	-5.9169607
teacher:	0.19045745	0.25172997094573263	-5.969996
student	0.07278788	0.32631778978825277	-5.676224
teacher:	0.06632062	0.3255348482363281	-5.6427712
student	0.095269345	0.38658512266816064	-7.279857
teacher:	0.09441073	0.3856648334138364	-7.4330616
student	0.10947535	0.4757652023869013	-5.6739106
teacher:	0.09564165	0.4905943037187302	-5.6922097
student	0.083191924	0.3954101289706465	-8.281473
teacher:	0.10989659	0.38059439652119925	-8.04158
student	0.09157533	0.4175513444466218	-7.9944596
teacher:	0.08844364	0.4172850820612174	-8.090566
student	0.09968757	0.33406589116985347	-7.032834
teacher:	0.08644542	0.3641552478753568	-7.0143995
student	0.08712391	0.29239847174276135	-6.814253
teacher:	0.08027823	0.2979984477591309	-6.8469944
student	0.08563797	0.4471006681903071	-7.9345517
teacher:	0.08236727	0.4364888863442371	-7.98857
student	0.12864468	0.36731831143292565	-9.94026
teacher:	0.1427915	0.3726080204702834	-9.458946
student	0.054475725	0.40082027598256675	-7.6207767
teacher:	0.03631381	0.4467232776474897	-7.651741
student	0.059098728	0.3552633721365391	-7.0161486
teacher:	0.06853596	0.3498240233224115	-7.094907
student	0.07442188	0.3333554101978583	-7.789339
teacher:	0.07968412	0.3288416798148431	-7.690578
student	0.15499705	0.3757100146384521	-8.948271
teacher:	0.11777723	0.40875046629557077	-8.838857
student	0.066114776	0.24361260958818162	-5.661532
teacher:	0.060577672	0.23883580972607135	-5.728404
student	0.072878465	0.3892194394375521	-7.1825395
teacher:	0.06668345	0.4326531806222666	-7.2611966
student	0.072462596	0.26550725806490827	-2.8927898
teacher:	0.07311056	0.25893168602773003	-2.9509995
student	0.093178734	0.40219526583149845	-5.0973005
teacher:	0.10451039	0.3780288213507401	-5.1049213
student	0.05779857	0.3057633856437654	-6.1047816
teacher:	0.05272693	0.31385605280093964	-6.081933
student	0.06272767	0.29986039722358	-3.2381978
teacher:	0.0626675	0.34564876234055786	-3.258677
student	0.1256317	0.32747637246437494	-7.580542
teacher:	0.122119464	0.32341717297607575	-7.6050773
student	0.067278884	0.3164317982667107	-6.676779
teacher:	0.06256481	0.3229490797363928	-6.7227397
student	0.036731403	0.3000110830194165	-5.864877
teacher:	0.03593257	0.2999691723006494	-5.86796
student	0.11913583	0.37486098019817077	-5.6625457
teacher:	0.11162075	0.3946128105589311	-5.7092814
student	0.1518537	0.39463852728275145	-8.301618
teacher:	0.12646146	0.4102966801253755	-8.159622
student	0.082838014	0.28948149420608243	-7.60504
teacher:	0.07578346	0.2917201194501943	-7.6601844
student	0.099420026	0.45047377595773364	-6.416864
teacher:	0.10724047	0.45580876892661665	-6.4901323
student	0.06771143	0.2992305547759938	-7.9903717
teacher:	0.0558347	0.31945396227610445	-8.173231
student	0.1277523	0.3676646786478386	-6.585707
teacher:	0.114625625	0.3748777932944508	-6.6325784
student	0.32506248	0.343333547099446	-4.0460944
teacher:	0.4032239	0.34192615779438845	-5.1410427
student	0.11420018	0.41457914109477517	-4.959779
teacher:	0.09598361	0.43108098096682623	-4.9858665
student	0.10446122	0.4618576604948419	-7.9236817
teacher:	0.09283247	0.5032955003595438	-7.9483356
student	0.07170104	0.40188681380145264	-8.937355
teacher:	0.070819214	0.3937857310251066	-8.947142
student	0.063235566	0.34723357188192794	-5.260025
teacher:	0.046528697	0.35677714857385423	-5.380599
student	0.08506247	0.39082801491628694	-8.402335
teacher:	0.102494426	0.36596219388795	-8.7453
student	0.109917	0.4073680704644949	-7.9855337
teacher:	0.092824966	0.42833739313465635	-7.998614
student	0.11478685	0.3602169457933256	-11.713544
teacher:	0.119368	0.3675550285101156	-11.806251
student	0.04002679	0.389788638783221	-7.475478
teacher:	0.036928046	0.4041936151047622	-7.4756308
student	0.13633211	0.4923837017092623	-9.012925
teacher:	0.11623619	0.5062497067457076	-9.042783
student	0.06328471	0.427757844557309	-8.76811
teacher:	0.054575637	0.4370041477928096	-8.799202
student	0.0699382	0.4655477305474308	-7.7724857
teacher:	0.058134943	0.48558536670919894	-7.8042493
student	0.06949262	0.4348726892023959	-6.6826215
teacher:	0.057179738	0.4584494865050708	-6.688378
student	0.09525513	0.42631724446046976	-8.449786
teacher:	0.09235691	0.39544916386229695	-8.287584
student	0.10552826	0.3956784722135956	-8.681497
teacher:	0.088372	0.41802696746964	-8.790769
student	0.0332	0.3427773970193319	-4.869379
teacher:	0.03028385	0.37090908014709995	-4.8857408
student	0.093649626	0.4188786132804589	-9.034086
teacher:	0.08934184	0.4306589330364887	-9.032698
student	0.10566745	0.388650318051699	-7.9047046
teacher:	0.06282094	0.4284590277371671	-7.9617352
student	0.04669073	0.1947353271710862	-4.499848
teacher:	0.03264973	0.21617302563476842	-4.5251455
student	0.08107077	0.36364578358524113	-7.8205795
teacher:	0.07623647	0.38949643070752277	-7.799853
student	0.07086591	0.4010337629423713	-7.4392295
teacher:	0.05489466	0.4247877572424231	-7.5237
student	0.083445534	0.3693550991175847	-8.129822
teacher:	0.067674085	0.39986991831756796	-8.220555
student	0.0684988	0.366950238650962	-7.697524
teacher:	0.059826683	0.3757571139965686	-7.8449454
student	0.12600684	0.2663479837607643	-3.416562
teacher:	0.11020371	0.3080892461586445	-4.4211206
student	0.094309494	0.3709084984300089	-8.485502
teacher:	0.077183075	0.43025040175219464	-8.552147
student	0.046414252	0.3939881232045814	-6.2174473
teacher:	0.04350947	0.42687563009939966	-6.175219
student	0.081253104	0.40964960642809684	-6.561647
teacher:	0.069307506	0.42478101814694336	-6.5385537
student	0.0745193	0.4012506731487992	-7.8571396
teacher:	0.06880474	0.4116585507241085	-7.983318
student	0.06519549	0.33906591105732725	-6.187084
teacher:	0.05598399	0.3426626411104357	-6.2182918
student	0.100373745	0.41435129514483543	-5.4056344
teacher:	0.09641803	0.41363169933636496	-5.382957
student	0.027521858	0.24922321484512283	-6.934449
teacher:	0.025402531	0.24132963404993357	-6.9408965
student	0.092768334	0.3401852601279037	-8.118837
teacher:	0.087390065	0.3416450148124357	-8.030345
student	0.1002018	0.42363405331760307	-7.650276
teacher:	0.089926474	0.44042015733267625	-7.654364
student	0.08710096	0.31287302845836235	-5.738146
teacher:	0.08796318	0.3313612959655768	-5.776403
student	0.11036181	0.41830153974305595	-6.774223
teacher:	0.104230165	0.42156401922937875	-6.7592664
student	0.081130825	0.3699446779273998	-2.8893404
teacher:	0.07560409	0.3658303259925005	-2.8838725
student	0.21349691	0.4324178934145486	-5.8965564
teacher:	0.19609869	0.4600419261613315	-5.6098304
student	0.104245834	0.3047315763958332	-6.4015894
teacher:	0.085749455	0.32648408071971824	-6.4367394
student	0.09124931	0.3559554752825625	-7.114173
teacher:	0.08057196	0.37870305164296336	-7.180192
student	0.134385	0.3296737356067254	-6.5477433
teacher:	0.098122634	0.3618906293548862	-6.58671
student	0.06641791	0.2970748382534721	-6.5709176
teacher:	0.05698433	0.3016062417442143	-6.6024246
student	0.09519322	0.4459090264066831	-3.2097626
teacher:	0.091072924	0.4556659279402427	-3.3040786
student	0.21813957	0.34447183215680527	-7.2641015
teacher:	0.16913283	0.3993047567881007	-7.0741987
student	0.18964814	0.4724314762056107	-6.4910226
teacher:	0.15888847	0.4967930633505137	-6.5656114
student	0.08520333	0.42307818847896866	-7.954993
teacher:	0.070679	0.4385274706137151	-7.9782777
student	0.21491452	0.32043398637244763	-7.2563367
teacher:	0.20966738	0.33300068354653417	-7.1821003
student	0.100458734	0.49298708187528817	-8.103707
teacher:	0.10052255	0.4870165386823157	-8.117611
student	0.12718405	0.4359204902011841	-8.661811
teacher:	0.119167104	0.44333428058503743	-8.724535
student	0.07433366	0.3884317191026903	-2.6809485
teacher:	0.068436615	0.39532870620041805	-2.7024999
student	0.1523372	0.4118516173487123	-6.5184813
teacher:	0.14926456	0.4297213331658764	-6.6204367
student	0.0812518	0.4333747544793488	-7.444758
teacher:	0.07480115	0.4427659260108269	-7.4885545
student	0.073371924	0.3795632975235312	-6.7618675
teacher:	0.06684747	0.3991358691877873	-6.8200216
student	0.07592887	0.2753170266177452	-1.7254235
teacher:	0.06499712	0.29886909586943544	-1.6323572
student	0.0645903	0.3028551890601808	-5.9638457
teacher:	0.06207515	0.3099989705387675	-6.0408964
student	0.0803044	0.34650381031697447	-5.762825
teacher:	0.08018377	0.35244659434769576	-5.781187
student	0.1200225	0.4253663509697633	-8.583601
teacher:	0.20211302	0.4121645197436467	-8.134209
student	0.0930807	0.40743049903042156	-7.62826
teacher:	0.072390415	0.42950223878231436	-7.6958194
student	0.05737885	0.4626871320328457	-7.45595
teacher:	0.059667382	0.45902950371183376	-7.481287
student	0.07546552	0.4781962374870152	-8.382285
teacher:	0.071076475	0.4945475981225679	-8.385156
student	0.0721697	0.37659957988063547	-8.004327
teacher:	0.063662075	0.3828978961715468	-8.009816
student	0.06511807	0.39441329016187787	-8.736019
teacher:	0.0652931	0.39649114247172174	-8.765796
student	0.07494079	0.4202310936277892	-6.8585443
teacher:	0.068405315	0.4586558762398781	-6.9196258
student	0.08071785	0.4192109293583097	-5.3198943
teacher:	0.082542345	0.42408708376231274	-5.452797
student	0.06359924	0.3626978577322019	-8.182946
teacher:	0.05830787	0.37654753782834893	-8.226796
student	0.0966414	0.3970104803604019	-8.63887
teacher:	0.08689104	0.47377308229738613	-8.681253
student	0.1434973	0.4244976204325688	-7.4545026
teacher:	0.11825144	0.46025465858375686	-7.5573587
student	0.07034945	0.28624196687052433	-5.7894936
teacher:	0.1243374	0.27492868219522937	-5.670653
student	0.06815339	0.40995007941843364	-7.997701
teacher:	0.07731106	0.3976676180246767	-8.043206
student	0.13494138	0.45412190904834826	-7.021699
teacher:	0.12384823	0.44948166090560665	-6.9679723
student	0.07840549	0.3224123390034327	-7.825602
teacher:	0.07908783	0.315839683599852	-7.897149
student	0.08566371	0.4568830388736379	-7.772205
teacher:	0.06959774	0.4639951629190111	-7.83568
student	0.06996406	0.36271362075856856	-7.3284016
teacher:	0.06415901	0.3958326737421589	-7.4312687
student	0.11356116	0.40213976482979846	-7.945723
teacher:	0.116435535	0.3975574077614552	-8.052175
student	0.06809134	0.31510053376869074	-7.273908
teacher:	0.046184998	0.3184930202667062	-7.2700906
student	0.020982571	0.17877063321781908	-6.2060814
teacher:	0.016004927	0.21368424709009187	-6.196391
student	0.054054312	0.3274538261819656	-7.296816
teacher:	0.046573337	0.36942494643809737	-7.3315454
student	0.086773746	0.39976117650784365	-7.565668
teacher:	0.07890645	0.4235021536677225	-7.6437855
student	0.07676871	0.3689160442020875	-7.302912
teacher:	0.0812676	0.3825154436708876	-7.561982
student	0.07056468	0.4632919687783492	-7.6377616
teacher:	0.07657021	0.46767663732758835	-7.618403
student	0.1413863	0.4579920424143199	-7.471902
teacher:	0.094970845	0.550218993051953	-7.607484
student	0.16565722	0.47112952120743196	-8.445889
teacher:	0.14225508	0.5149553446455046	-8.580736
student	0.068246625	0.4017983693689234	-8.019398
teacher:	0.059914693	0.4094551937100146	-8.006995
student	0.17661527	0.3906866418141086	-4.38072
teacher:	0.13997641	0.3961301506804521	-4.438156
student	0.11144883	0.23320833176337405	-4.9015846
teacher:	0.12112942	0.2601035618154435	-4.9609804
student	0.08371758	0.43960676972093127	-6.9175315
teacher:	0.070321165	0.4527887190839785	-7.0030646
student	0.07405087	0.298315798831924	-7.6596756
teacher:	0.061748065	0.346298373433162	-7.735578
student	0.10444512	0.3289359220341314	-6.852379
teacher:	0.0912487	0.36723855847635306	-6.8660293
student	0.10770939	0.48477932384513045	-6.6333447
teacher:	0.08407116	0.5331967587584713	-6.6522355
student	0.07051121	0.43828361963605533	-7.9589753
teacher:	0.06634323	0.43597035425193686	-7.961877
student	0.12288898	0.333514640404015	-8.112434
teacher:	0.13553955	0.33110696209678364	-8.06579
student	0.16317022	0.4061625264661809	-8.62894
teacher:	0.14552042	0.4323516254577584	-8.558897
student	0.060062476	0.33476539190088345	-8.744997
teacher:	0.05762045	0.33961303667027976	-8.763463
student	0.12181743	0.3198112129644435	-8.662601
teacher:	0.10307915	0.3458436276870605	-8.843847
student	0.085855246	0.3649495980737769	-8.838415
teacher:	0.079400346	0.37617994740994515	-8.782254
student	0.21647991	0.4770211704901298	-9.087567
teacher:	0.21922652	0.47851318350877076	-8.819528
student	0.1438383	0.3880930909743977	-9.498855
teacher:	0.12402507	0.42514774450320286	-9.530034
student	0.080889195	0.3854476828071466	-6.8224053
teacher:	0.07452551	0.36925352310792486	-6.806586
student	0.09985449	0.35328993674036646	-7.040129
teacher:	0.08162918	0.363671824369487	-7.049126
student	0.03560612	0.29616056650520717	-6.399753
teacher:	0.03640487	0.29698539455846124	-6.249734
student	0.09050976	0.3512267156650465	-5.7714777
teacher:	0.057014022	0.38347983678712616	-5.543748
student	0.040423274	0.2744755875707151	-6.3753996
teacher:	0.03802788	0.27336277155666006	-6.367988
student	0.068187535	0.3311836226914215	-6.82671
teacher:	0.0669757	0.3296125083219362	-6.826853
student	0.060320493	0.287453916602401	-6.808302
teacher:	0.06100241	0.29942741685851954	-6.878342
student	0.083179265	0.39666752883636847	-6.491037
teacher:	0.07960277	0.39946648647535465	-6.684424
student	0.066428505	0.3192219212576357	-7.2341495
teacher:	0.066341124	0.32610750334329225	-7.314899
student	0.06305161	0.2909692307309788	-5.2152896
teacher:	0.06228635	0.29994906417057016	-4.714375
student	0.14534579	0.3579814186253671	-4.671285
teacher:	0.15937342	0.3608327186817118	-4.7533593
student	0.11314523	0.3688384480900238	-8.4963045
teacher:	0.104439594	0.36402996119082914	-8.538396
student	0.11796329	0.3776297045521813	-6.0546637
teacher:	0.108861014	0.3749616404609661	-6.1078553
student	0.14944613	0.4730185432872004	-6.3852563
teacher:	0.12022292	0.5707609570204735	-6.323968
student	0.046827044	0.24589864378166604	-7.686248
teacher:	0.05163688	0.24484442471379625	-7.7920837
student	0.15635206	0.3707227999609672	-6.5198646
teacher:	0.15442455	0.3876773862461141	-6.504029
student	0.14512923	0.3996189651825623	-6.3308015
teacher:	0.12881353	0.44933434528433686	-6.3621383
student	0.14120738	0.4445620609990371	-6.629931
teacher:	0.11760108	0.442450704322027	-6.70941
student	0.09769937	0.44129210821998693	-6.5728083
teacher:	0.08784965	0.4598913130549613	-6.598224
student	0.098171204	0.3941208261325811	-5.9319215
teacher:	0.09149893	0.42909614163639015	-6.048423
student	0.120591745	0.4513782859432355	-7.6232324
teacher:	0.09429266	0.4807584794470002	-7.7585087
student	0.10929507	0.3599549190578603	-5.551764
teacher:	0.115693845	0.42534749789846876	-5.622099
student	0.12638019	0.505039471141937	-6.9195127
teacher:	0.10338282	0.52583070247206	-7.0036817
student	0.10351139	0.3314659814183156	-6.6949883
teacher:	0.11209336	0.34349823014004627	-6.934356
student	0.038379062	0.3308361813795438	-7.269551
teacher:	0.035423107	0.3362174188756048	-7.3044453
student	0.13773234	0.3853801532228271	-7.2155175
teacher:	0.12688915	0.40917815164174764	-7.3323364
student	0.17999433	0.4586807270996342	-7.306076
teacher:	0.20888123	0.4716635135875729	-7.6368146
student	0.0919109	0.39241284310785496	-7.163375
teacher:	0.08032628	0.41226542257076676	-7.1819906
student	0.14568919	0.5019029978206602	-5.496001
teacher:	0.13475187	0.49943397647141635	-6.6612844
student	0.0467307	0.26029138170392435	-7.8581085
teacher:	0.043761414	0.2717552599650682	-7.8706803
student	0.063378766	0.3294952492874169	-5.6863666
teacher:	0.055184886	0.34690119074691766	-5.8036895
student	0.045679994	0.2656518640357211	-6.597271
teacher:	0.037386566	0.2894206470730135	-6.6417933
student	0.11557197	0.4406283269957341	-8.780761
teacher:	0.11273356	0.4698788201988486	-8.819881
student	0.1665462	0.48920484479385246	-7.7353635
teacher:	0.14245038	0.5085037280793179	-7.8005447
student	0.21372567	0.43716336191819904	-7.228739
teacher:	0.22300726	0.4450319985966991	-7.535298
student	0.16994432	0.4570727610456575	-4.9066744
teacher:	0.13952886	0.47831497324593397	-5.092268
student	0.13657054	0.4497345590710829	-7.950025
teacher:	0.12619174	0.408881185980417	-8.170645
student	0.10747132	0.48219490132881565	-6.798905
teacher:	0.096719965	0.5023467269660361	-6.7728424
student	0.088692576	0.3987125426814854	-5.2665505
teacher:	0.124089055	0.39661106142388064	-5.2909436
student	0.09819956	0.4721827984649968	-5.7575974
teacher:	0.08618097	0.48164609312397755	-5.773093
student	0.06558483	0.39354682684186065	-7.641112
teacher:	0.05300755	0.40867443701335854	-7.650613
student	0.12045188	0.40594493676071347	-8.074649
teacher:	0.09849938	0.44569405863489453	-8.126468
student	0.082445875	0.33691392340629145	-7.6280365
teacher:	0.08810004	0.31657441090231203	-7.7229657
student	0.062046476	0.37838600574582254	-8.052685
teacher:	0.051404264	0.4136879515208241	-8.102992
student	0.12337054	0.40564014544397514	-6.844906
teacher:	0.10955773	0.4139318129876365	-7.218001
student	0.05397728	0.25940861119534303	-5.640185
teacher:	0.048381865	0.27720307233422065	-5.653313
student	0.09594566	0.3301792996777013	-4.2298903
teacher:	0.09746013	0.32814117950667515	-4.3986573
student	0.09134469	0.39297157611818245	-7.7874146
teacher:	0.08805148	0.37647261539083066	-7.887462
student	0.090004265	0.4072470993646428	-5.716944
teacher:	0.08278535	0.4106728547156212	-5.752663
student	0.105310835	0.3942831285927537	-6.168517
teacher:	0.1021902	0.3902039879431926	-6.2641487
student	0.057744686	0.3392659593944229	-6.699621
teacher:	0.055489838	0.34205940132148505	-6.7753096
student	0.062225286	0.3467696133935309	-7.799353
teacher:	0.053099837	0.3499734821203595	-7.892225
student	0.16058497	0.4048852304937606	-7.7841787
teacher:	0.1591061	0.41253423447018334	-7.849581
student	0.09259718	0.32175121756940894	-5.957277
teacher:	0.09795084	0.31099330942133163	-6.0615373
student	0.13759251	0.3941009451556833	-5.9107804
teacher:	0.12509787	0.40290691514007926	-6.04544
student	0.13897395	0.4217424703280581	-7.1441803
teacher:	0.12645169	0.40984735037209136	-7.2785544
student	0.10034046	0.26183042312864224	-7.456377
teacher:	0.092037365	0.25268062613400444	-7.545578
student	0.2446162	0.5003330334889352	-6.3924727
teacher:	0.2692961	0.4821721154495024	-6.206552
student	0.19439903	0.5126987954735626	-9.001076
teacher:	0.15995236	0.5395908441110286	-9.118746
student	0.07121558	0.3594272647963922	-7.4181376
teacher:	0.07084927	0.37193879911373434	-7.450854